r1 = 398
r2 = 73
r3 = 404
r4 = 205
r5 = 315
r6 = 564
r7 = 191
r15 = r1*r5/(r1 + r5)
r3154 = r3 + r15 + r4
r63154 = r6*r3154/(r6+r3154)
rvx = r7 + r63154